Doodads\Ash World\
{0,1,2,3,4,5,6,7,8,9,10,11,12,13,14,15}
Doodads\Jungle\
{16,17,18,19,20,21,22,23,24,25,26,27,28,29,30,31,32,33,34,35,36,37,38,39,40,41,42,43,44,45,46,47,48,49,50,51,52,53,54,55}
Doodads\Space\
{56,57,58,59,60,61,62,63,64,65,66,67,68,69,70,71,72,73,74,75}
Doodads\Badlands\
{76,77,78,79,80,81,82,83,84,85,86,87,88,89,90,91,92,93,94,95,96,97,98,99,100,101,102,103,104,105,106,107,108,109,110,111,112,113,114,115,116,117,118,125,126,129}
Doodads\Installation\
{119,120,121,122,123,124,125,127,128}
Doodads\Twilight\
{386,387,388,389,390,391,392,393,394,395,396,397,398,399,400,401}
Doodads\Ice World\
{402,403,404,405,406,407,408,409,410,411,412,413,414,415,416,417,418,419,420,421,422,423,424,425,426,427,428,429,430,431,432,433,434,435,436,437,438,439,440,441,442,443,444,445}
Doodads\Desert\
{446,447,448,449,450,451,452,453,454,455,456,457,458,459,460,461,462,463,464,465,466,467,468,469,470,471,472,473,474,475,476,477,478,479,480}
Terran\Ground Units\
{226,228,229,232,233,234,235,239,240,241,242,243,244,489}
Terran\Air Units\
{225,227,238,246,247,491}
Terran\Buildings\
{248,249,250,252,253,255,259,262,263,264,268,269}
Terran\Birth\
{270,271}
Terran\Overlay\
{377}
Terran\Deaths\
{230,236,272,273,274,490}
Terran\Addons\
{251,254,256,258,261,265}
Terran\Special\
{231,245,266,284}
Terran\Special Buildings\
{257,260,496,498}
Zerg\Ground Units\
{133,135,138,140,142,146,148,149,157,159,481,485,488}
Zerg\Air Units\
{130,137,144,151,153,155,482}
Zerg\Buildings\
{162,163,165,166,167,168,169,170,171,172,173,174,177,178,179,180,181}
Zerg\Birth\
{283,319}
Zerg\Deaths\
{131,132,134,136,139,141,143,145,147,150,152,154,156,158,160,182,183,184,185,186,187,483,484}
Zerg\Special\
{283}
Zerg\Special Buildings\
{161,164,175,176,495,496}
Protoss\Ground Units\
{189,191,194,197,198,199,200,201,486}
Protoss\Air Units\
{188,190,193,195,196,202,487}
Protoss\Buildings\
{203,204,205,206,207,208,209,211,212,213,214,215,216,217,219,221}
Protoss\Overlay\
{320,507}
Protoss\Deaths\
{192,222,223,224}
Protoss\Special\
{285}
Protoss\Special Buildings\
{210,218,220,497,499}
Neutral\Critters\
{276,277,278,492,493,494}
Neutral\Special\
{287,302}
Neutral\Powerups\
{288,289,290,291,515,516}
Neutral\Resources\
{275,279,280,281,292,293,294,295,296,297,298,299,311,312,313,314,315}
Neutral\Doodads\
{303,304,305,306,307,308,381,382,383,384,385}
Neutral\Start Location\
{301}
Undefined\
{282}
Effects\Weapons\Terran\Missile\
{309,310,335,340,341,342,343,345,346,347,348,349,378,505,509}
Effects\Weapons\Terran\Spell\
{237,267,350,351,352,380,508}
Effects\Weapons\Zerg\Missile\
{332,353,355,356,357,358,359,365,367,368,511,512,513}
Effects\Weapons\Zerg\Spell\
{286,322,360,362,363,364}
Effects\Weapons\Protoss\Missile\
{333,334,336,337,338,366,369,373,506}
Effects\Weapons\Protoss\Spell\
{339,361,379,500,501,502,503,514}
Effects\Terran\
{323,324,325,326,327,328,329,330,331}
Effects\Protoss\
{374,375,376}
Effects\Special\
{300,318,321,370,504}
Effects\Unknown\
{316,317,344,354,371,372,382,510}